0.143361970
0.142210815
0.142445190
0.141760851
0.141643685
0.145904409
0.142629682
0.142877442
0.142705046
0.141935098
0.142318946
0.141406476
0.142285400
0.141197663
0.144108007
0.142118245
0.141613664
0.141386502
0.141563827
0.141588182
0.142211589
0.141919107
0.142453626
0.142275137
0.142033329
0.142259189
0.142062692
0.142126279
0.141334045
0.143233659
0.141699959
0.142334814
0.141301622
0.142199382
0.141564941
0.142353816
0.142150537
0.142346335
0.142191715
0.141658368
0.141517511
0.142606876
0.142129795
0.142481683
0.141844990
0.141761815
0.142056528
0.141680858
0.142006888
0.141534676
0.141673493
0.141454749
0.141616251
0.141609739
0.141394405
0.142355946
0.142078500
0.142554362
0.142264441
0.141926338
0.141437185
0.142679232
0.142202351
0.142557619
0.142726832
0.142355030
0.142261058
0.142146646
0.142535592
0.142258288
0.142622284
0.141789282
0.142575533
0.142914286
0.142101755
0.142328632
0.143565910
0.141366146
0.141698011
0.141391214
0.141278909
0.142368369
0.141695015
0.142114202
0.142327743
0.142358557
0.142805460
0.142009580
0.141977547
0.142243655
0.142356245
0.141791536
0.141485120
0.141718862
0.143224247
0.142003743
0.141426053
0.141799559
0.141568802
0.142307250
0.141298304
0.142454427
0.141351522
0.142361622
0.141533138
0.142680042
0.143359301
0.142096028
0.142136161
0.142236348
0.142332266
0.144424757
0.142349356
0.142996747
0.142331222
0.142754041
0.142096519
0.141905350
0.142554450
0.142309033
0.141590276
0.142225583
0.142304459
0.141395748
0.141686447
0.142176961
0.141334654
0.142555389
0.141859868
0.141619697
0.142305082
0.142377932
0.141789825
0.142096671
0.141565576
0.142282279
0.142104816
0.141388355
0.142091339
0.142520031
0.142704622
0.142123994
0.142171541
0.142152883
0.142443783
0.142548967
0.142222303
0.142054176
0.141309793
0.141183126
0.141528887
0.141448012
0.141220088
0.141768390
0.141576833
0.142109744
0.142660551
0.141922986
0.142601535
0.142520356
0.142182158
0.141682072
0.141386200
0.141452448
0.141259361
0.142028228
0.141551533
0.141188740
0.141507378
0.141504736
0.141615311
0.141446752
0.141893003
0.142671471
0.141583010
0.141174621
0.141617572
0.141601735
0.142362897
0.142361255
0.142558594
0.142451402
0.142030310
0.142097182
0.142360134
0.141173879
0.141522235
0.141450688
0.145662151
0.143014802
0.143530238
0.142370604
0.143903189
0.141692649
0.142461371
0.142408810
0.141603770
0.142409181
0.141776212
0.141456078
0.141271112
0.141439983
0.142259330
0.142593310
0.141503912
0.141342027
0.142286168
0.143036263
0.141508880
0.141581244
0.142134762
0.141998069
0.142086129
0.141712818
0.142174442
0.141484333
0.142494988
0.141845581
0.142505488
0.142693609
0.142130860
0.142301011
0.141727439
0.141892442
0.142431372
0.141680921
0.142905412
0.141582021
0.142051645
0.141102388
0.141632695
0.141930105
0.141240434
0.142501324
0.142096759
0.142313194
0.142242680
0.142986663
0.141994619
0.142170393
0.141351101
0.142174815
0.142486233
0.142008035
0.141573288
0.142349451
0.141806752
0.142063849
0.141617118
0.141964218
0.141795739
0.141550266
0.141657581
0.142253693
0.141812896
0.142370877
0.142328603
0.142121700
0.142744177
0.141433069
0.142616015
0.141529143
0.142538402
0.141152978
0.143222030
0.142482699
0.141281069
0.142318210
0.142552195
0.141265055
0.141504499
0.141436309
0.141306816
0.141600959
0.142226348
0.142695533
0.141883514
0.142179036
0.143089676
0.142730236
0.142192260
0.142110463
0.142314706
0.141724531
0.142121520
0.141545027
0.141408894
0.142071623
0.142434287
0.141848156
0.142592674
0.142000893
0.142329587
0.140924649
0.141469179
0.141951386
0.141450498
0.141420317
0.141644829
0.141888516
0.142273347
0.142434013
0.142222849
0.141935312
0.142457444
0.142383348
0.142219584
0.141716229
0.142541839
0.142290308
0.142966917
0.142039895
0.141954976
0.142330734
0.142369427
0.141509246
0.142756809
0.141964332
0.141691093
0.141505861
0.141860525
0.143161914
0.141559447
0.142436221
0.141501221
0.141536853
0.142601880
0.141576853
0.142658644
0.141811588
0.142502134
0.143373707
0.142026749
0.143665243
0.141928604
0.142260948
0.142387457
0.142458713
0.143335761
0.141494942
0.142374627
0.141467320
0.142574762
0.141635128
0.142114820
0.142422609
0.141444303
0.142327064
0.142375837
0.142031655
0.142855628
0.141734236
0.142132394
0.142206998
0.142650985
0.141657948
0.142201979
0.141874723
0.142739921
0.142282487
0.142381891
0.142343938
0.142977218
0.141466532
0.141193628
0.141460204
0.142181509
0.142149887
0.142036830
0.142299391
0.142217463
0.142486250
0.142497244
0.141706019
0.141673357
0.142252875
0.141547056
0.141976319
0.142909276
0.143119320
0.142598797
0.143342445
0.142290453
0.142381344
0.143164816
0.142619119
0.141636609
0.141408299
0.142230841
0.142006729
0.142230518
0.141971799
0.142519869
0.141730364
0.141538633
0.141544130
0.141881506
0.141813666
0.142422031
0.141908991
0.142230710
0.141546976
0.141463498
0.142179409
0.141535221
0.142273526
0.141466230
0.141359435
0.141360353
0.141693583
0.142555944
0.141792293
0.142306034
0.142154569
0.142165548
0.142924961
0.141528033
0.141397345
0.141806315
0.141688089
0.142606934
0.141531743
0.141519592
0.141771956
0.141481429
0.142683102
0.141493034
0.142142313
0.142683232
0.141952501
0.142569474
0.142650341
0.141876748
0.143240628
0.141482086
0.141666601
0.142393247
0.142097662
0.142780974
0.141462543
0.141789480
0.143111455
0.141325578
0.142171637
0.146377507
0.141708634
0.142438092
0.141922069
0.142251834
0.141634188
0.142159098
0.142405763
0.142339911
0.141396207
0.141974894
0.141898052
0.141450022
0.141509480
0.142303528
0.142457621
0.141579165
0.141415746
0.142555399
0.142124654
0.141921717
0.142773423
0.142419546
0.142183611
0.142082495
0.142265346
0.141435809
0.141979575
0.142353544
0.142086942
0.142415988
0.141683176
0.143333735
0.143264960
0.141628434
0.142215269
0.141506725
0.142576521
0.141294290
0.141705914
0.142271325
0.142020512
0.142466284
0.142309704
0.142321019
0.141511335
0.142130948
0.143505093
0.141844767
0.142336285
0.142672735
0.141524190
0.142517909
0.141561057
0.142356086
0.141359613
0.143236963
0.142272389
0.142685917
0.141894551
0.141363858
0.141653246
0.141745985
0.143106954
0.142787966
0.143198654
0.142885879
0.142428983
0.142144066
0.143567163
0.142104174
0.142523143
0.142134691
0.142371772
0.142519321
0.143493134
0.141201363
0.142389144
0.142399394
0.142202270
0.142176430
0.142486364
0.142235838
0.142271549
0.142166875
0.142254320
0.142205055
0.142311483
0.142640770
0.143570432
0.142192693
0.143213439
0.143285571
0.142235818
0.142726498
0.142560372
0.141581162
0.142299261
0.141552388
0.142587130
0.142396121
0.142374670
0.141531646
0.142338943
0.141514946
0.142455398
0.141768100
0.141533350
0.141718575
0.141706980
0.142012434
0.141349038
0.142357084
0.142028922
0.141828743
0.142563007
0.142256186
0.141737617
0.142208614
0.141418757
0.141730663
0.141890619
0.141537486
0.141726425
0.142448763
0.142039501
0.141976301
0.141642997
0.141464803
0.141722645
0.141719744
0.141354277
0.141678830
0.142444684
0.142073455
0.142280462
0.141357835
0.142771184
0.141699439
0.141763773
0.141477264
0.142188338
0.141264444
0.144915051
0.141436125
0.142202872
0.142308510
0.142161348
0.142373082
0.142432385
0.141267696
0.142944616
0.141592138
0.142297087
0.142486053
0.141543957
0.141372551
0.141553930
0.142133458
0.142279443
0.141764384
0.142486016
0.143258556
0.142156183
0.141578407
0.142179590
0.142200758
0.141550337
0.141331688
0.141635795
0.142087256
0.142313453
0.142115782
0.142211763
0.142249914
0.141499959
0.141327204
0.142431011
0.141573911
0.142408392
0.141811111
0.141586262
0.142360752
0.142371205
0.142912497
0.141567233
0.141661681
0.141497230
0.141209511
0.142264456
0.142230356
0.141525179
0.142455930
0.141242337
0.142297699
0.141675935
0.141556550
0.141650645
0.142011167
0.141777398
0.142258461
0.142015590
0.141529074
0.142137522
0.146344698
0.142491261
0.142051120
0.143098753
0.142481415
0.142393159
0.142308605
0.142598488
0.143374824
0.142223297
0.142444759
0.142410282
0.141519384
0.142916909
0.141762098
0.142559272
0.141663086
0.142592045
0.142240741
0.143098775
0.142422670
0.142925083
0.142411008
0.142715526
0.142503185
0.143062061
0.142164394
0.142257386
0.142094027
0.142438752
0.141200840
0.141324708
0.143210213
0.141515340
0.142131963
0.141633094
0.142620305
0.142266782
0.142038199
0.141598560
0.142106503
0.142496432
0.142204298
0.142459498
0.142374875
0.141936478
0.142367970
0.142603633
0.142259680
0.142427050
0.142664349
0.141831855
0.142417844
0.142443470
0.142158244
0.142327461
0.143128236
0.142255778
0.142366386
0.143033639
0.142188854
0.142658857
0.142595833
0.142683338
0.142435067
0.142632103
0.142507593
0.142626125
0.142314478
0.142238995
0.142487479
0.143508596
0.142773811
0.143603685
0.141364092
0.142324935
0.142277614
0.142273714
0.143240396
0.142690955
0.142127220
0.143270202
0.142253745
0.142509619
0.142497367
0.143023294
0.142215037
0.142483000
0.141788039
0.141245934
0.142887534
0.142158465
0.142282104
0.141857909
0.142278797
0.141243483
0.142690751
0.141468460
0.142162006
0.142757660
0.142420052
0.141764801
0.141533267
0.141757842
0.141566340
0.141549356
0.142180296
0.141509916
0.142721522
0.142370478
0.142204830
0.142237410
0.143829825
0.142380600
0.142204732
0.142817233
0.143723156
0.142335460
0.142211166
0.141532064
0.141579441
0.141571621
0.142319623
0.142560796
0.141271721
0.141485474
0.141825636
0.141361826
0.142267390
0.142262289
0.142268771
0.142412324
0.142163389
0.142556448
0.142367018
0.142333419
0.141442684
0.142324213
0.141539443
0.141496247
0.142209058
0.142203571
0.142364732
0.142023722
0.142479921
0.142146087
0.142086458
0.141902291
0.142406054
0.141470686
0.141991435
0.142141667
0.143345916
0.143614127
0.141529638
0.142585537
0.141468714
0.142385399
0.141654911
0.142215642
0.142180908
0.141730881
0.142774363
0.142267132
0.141717719
0.142564242
0.141411859
0.141378120
0.141938758
0.141577156
0.142477524
0.141572323
0.141494390
0.142155159
0.142411887
0.141396386
0.141662178
0.141733021
0.142550579
0.141400448
0.142144400
0.142467059
0.141791900
0.142535586
0.141811961
0.141878871
0.142143413
0.142613741
0.141422814
0.141595719
0.141717330
0.141343404
0.141518652
0.141179528
0.142463747
0.142307759
0.142413918
0.141520393
0.142404252
0.141383297
0.141988777
0.142453916
0.141610147
0.142346119
0.141805147
0.142665334
0.142138460
0.142409398
0.143433840
0.142291145
0.142268884
0.142175098
0.142210296
0.142101558
0.142238922
0.143491300
0.142812280
0.142190568
0.141396134
0.141313685
0.141746423
0.141663136
0.141539871
0.142736552
0.141464277
0.141750486
0.142515200
0.141502902
0.142567719
0.142316297
0.141630825
0.141755527
0.142038619
0.141422034
0.142411023
0.142450937
0.142071696
0.142363590
0.142337393
0.141468607
0.142627378
0.142382130
0.143131179
0.144614701
0.142457518
0.142124174
0.142221770
0.141536046
0.142586281
0.142588217
0.141626124
0.142567720
0.141394833
0.141428975
0.141523236
0.141516569
0.141861759
0.142556732
0.142263083
0.141441463
0.142078600
0.141845785
0.142414748
0.142073820
0.143295005
0.142105415
0.141670178
0.142571564
0.142160618
0.141931798
0.141806687
0.142353715
0.142173900
0.141702281
0.141607416
0.141707550
0.141550210
0.141438402
0.141326964
0.142504456
0.143400369
0.142116492
0.142797541
0.141643768
0.142566179
0.141668096
0.141876851
0.141921220
0.141744084
0.141733023
0.141317214
0.141501307
0.142416584
0.142439469
0.141358361
0.142119063
0.141760847
0.142518855
0.142474439
0.142061554
0.142743606
0.142281725
0.141336884
0.141933776
0.142327653
0.142296018
0.141670422
0.142357127
0.142407178
0.142311705
0.142151793
0.141521709
0.141829743
0.141421922
0.141527736
0.141236501
0.141753092
0.141553492
0.142439440
0.141659453
0.142341302
0.141791678
0.142161030
0.141519264
0.142174509
0.142089581
0.142747685
0.142226388
0.142535605
0.142193142
0.142230431
0.142531754
0.142642661
0.141373505
0.142349205
0.141537709
0.141487300
0.142103856
0.141578430
0.142607955
0.142217522
0.142453243
0.142020027
0.141441384
0.142185549
0.143506624
0.141331564
0.142336223
0.141841218
0.142465006
0.142196159
0.142504409
