0.000026727
0.000026718
0.000026009
0.000026286
0.000025667
0.000024941
0.000026907
0.000025745
0.000026252
0.000025027
0.000026270
0.000026271
0.000025962
0.000026374
0.000025942
0.000025730
0.000025831
0.000026894
0.000025523
0.000026060
0.000029475
0.000025512
0.000026219
0.000026199
0.000024993
0.000026808
0.000024652
0.000026292
0.000026221
0.000024983
0.000029256
0.000024843
0.000026207
0.000025756
0.000026005
0.000026310
0.000026291
0.000026351
0.000025350
0.000026737
0.000026049
0.000026781
0.000025825
0.000025944
0.000026180
0.000026640
0.000024547
0.000026058
0.000024937
0.000026262
0.000026317
0.000027791
0.000026067
0.000026236
0.000026701
0.000025839
0.000024460
0.000026167
0.000026805
0.000025658
0.000025507
0.000024920
0.000026203
0.000026195
0.000025141
0.000026008
0.000026551
0.000026162
0.000025764
0.000024677
0.000025678
0.000025043
0.000026033
0.000026611
0.000026346
0.000026234
0.000026566
0.000024756
0.000026198
0.000027269
0.000024351
0.000025001
0.000026030
0.000026106
0.000026634
0.000025586
0.000026637
0.000026008
0.000026119
0.000025907
0.000026263
0.000026195
0.000025820
0.000026117
0.000024324
0.000026920
0.000025733
0.000026544
0.000026618
0.000025390
0.000026368
0.000026727
0.000024778
0.000026343
0.000028796
0.000025570
0.000026332
0.000024282
0.000026800
0.000026768
0.000026199
0.000024719
0.000026282
0.000025765
0.000025494
0.000026194
0.000025531
0.000026185
0.000025945
0.000026070
0.000025945
0.000026097
0.000025933
0.000025626
0.000026391
0.000026306
0.000026116
0.000025714
0.000026655
0.000026041
0.000026247
0.000026165
0.000025868
0.000026623
0.000028487
0.000026565
0.000026043
0.000025663
0.000026380
0.000025033
0.000026473
0.000026060
0.000026238
0.000025760
0.000026556
0.000025945
0.000026114
0.000026165
0.000025712
0.000025905
0.000026338
0.000026052
0.000024708
0.000026095
0.000025736
0.000024662
0.000024814
0.000026204
0.000026548
0.000026111
0.000026551
0.000026580
0.000026162
0.000026107
0.000024482
0.000026990
0.000026561
0.000026075
0.000026264
0.000026384
0.000028682
0.000026267
0.000026230
0.000026357
0.000026089
0.000025268
0.000026515
0.000025873
0.000026434
0.000026007
0.000025728
0.000026114
0.000025992
0.000025955
0.000026546
0.000024380
0.000025809
0.000026117
0.000032350
0.000025945
0.000026097
0.000026130
0.000025808
0.000025226
0.000026499
0.000025178
0.000025606
0.000025664
0.000025955
0.000026446
0.000024378
0.000025517
0.000024413
0.000026139
0.000026235
0.000026499
0.000026366
0.000024500
0.000026231
0.000024745
0.000026332
0.000025966
0.000027029
0.000025862
0.000025589
0.000024950
0.000026593
0.000026227
0.000026007
0.000025237
0.000025783
0.000026316
0.000024112
0.000025826
0.000026482
0.000025917
0.000024836
0.000026173
0.000026611
0.000025733
0.000024972
0.000026505
0.000026429
0.000026546
0.000026022
0.000025870
0.000026264
0.000024974
0.000026688
0.000026301
0.000025814
0.000026251
0.000023863
0.000025437
0.000025844
0.000026439
0.000025559
0.000026142
0.000026580
0.000024824
0.000026032
0.000026030
0.000026675
0.000026543
0.000026556
0.000026650
0.000026120
0.000024776
0.000026580
0.000025375
0.000026020
0.000025693
0.000026874
0.000026683
0.000026533
0.000026055
0.000026027
0.000025078
0.000026508
0.000026219
0.000026757
0.000026650
0.000026650
0.000026137
0.000026481
0.000026344
0.000025177
0.000026358
0.000026107
0.000026565
0.000025823
0.000026956
0.000026433
0.000026573
0.000026472
0.000026284
0.000026573
0.000026075
0.000026336
0.000026020
0.000024855
0.000026302
0.000025063
0.000025098
0.000026555
0.000026570
0.000025808
0.000026014
0.000026262
0.000026468
0.000026008
0.000026421
0.000026406
0.000025873
0.000026630
0.000026740
0.000027116
0.000026514
0.000026471
0.000026009
0.000026212
0.000026678
0.000026337
0.000026211
0.000026129
0.000026628
0.000024836
0.000026464
0.000026505
0.000025872
0.000026663
0.000026408
0.000026252
0.000025958
0.000026914
0.000025832
0.000026865
0.000025937
0.000026755
0.000027175
0.000026434
0.000026594
0.000026265
0.000025611
0.000026436
0.000026234
0.000025953
0.000025705
0.000026457
0.000026111
0.000026575
0.000026675
0.000026478
0.000026942
0.000026122
0.000026774
0.000025960
0.000026502
0.000024678
0.000026300
0.000026318
0.000026798
0.000026236
0.000025672
0.000026606
0.000026239
0.000026656
0.000027024
0.000026258
0.000026465
0.000026404
0.000026710
0.000026199
0.000028788
0.000024418
0.000025819
0.000026735
0.000026294
0.000026077
0.000025019
0.000026152
0.000026316
0.000026281
0.000024981
0.000026680
0.000026556
0.000024677
0.000026144
0.000025979
0.000026766
0.000026327
0.000026359
0.000025935
0.000026078
0.000027069
0.000026456
0.000024275
0.000028376
0.000026142
0.000026300
0.000026046
0.000024958
0.000026140
0.000026337
0.000025736
0.000027263
0.000025719
0.000026460
0.000024847
0.000026027
0.000026685
0.000026344
0.000025717
0.000026556
0.000026404
0.000025259
0.000024978
0.000026625
0.000025175
0.000026165
0.000025437
0.000025887
0.000024969
0.000027167
0.000024924
0.000025995
0.000024953
0.000027226
0.000026343
0.000026140
0.000026266
0.000025131
0.000025977
0.000025793
0.000026247
0.000026678
0.000026359
0.000026083
0.000026383
0.000026317
0.000025792
0.000026105
0.000025744
0.000025968
0.000026890
0.000026304
0.000025033
0.000026418
0.000026404
0.000024630
0.000027351
0.000025466
0.000026206
0.000026317
0.000026205
0.000026195
0.000026716
0.000025960
0.000027173
0.000026757
0.000025225
0.000026632
0.000026193
0.000026291
0.000026225
0.000025365
0.000026418
0.000024977
0.000026835
0.000026817
0.000026145
0.000025849
0.000025294
0.000025076
0.000025062
0.000025993
0.000025803
0.000025032
0.000029159
0.000024835
0.000026783
0.000026448
0.000026528
0.000026651
0.000025985
0.000026287
0.000026191
0.000025755
0.000026573
0.000026279
0.000026837
0.000026502
0.000026420
0.000025972
0.000026347
0.000026407
0.000025637
0.000026115
0.000026617
0.000026093
0.000026193
0.000026608
0.000026408
0.000025900
0.000026074
0.000026358
0.000026618
0.000026331
0.000026197
0.000025929
0.000026200
0.000026870
0.000026370
0.000025969
0.000026208
0.000025816
0.000026675
0.000026650
0.000026268
0.000026897
0.000026322
0.000026450
0.000024865
0.000026638
0.000026980
0.000026588
0.000025058
0.000026167
0.000024589
0.000026775
0.000028494
0.000026914
0.000028795
0.000026280
0.000026065
0.000027029
0.000026437
0.000026448
0.000025890
0.000026723
0.000026118
0.000026305
0.000025506
0.000026256
0.000025167
0.000025976
0.000027094
0.000026130
0.000026500
0.000028972
0.000025175
0.000026663
0.000025155
0.000026347
0.000026323
0.000029313
0.000026283
0.000026804
0.000026268
0.000026495
0.000026397
0.000027017
0.000026149
0.000026937
0.000026602
0.000025709
0.000026279
0.000024495
0.000026408
0.000025868
0.000026401
0.000025993
0.000026085
0.000026295
0.000025317
0.000025979
0.000026152
0.000025908
0.000026368
0.000028611
0.000026125
0.000025251
0.000025804
0.000024495
0.000026038
0.000026831
0.000025874
0.000028671
0.000026311
0.000025933
0.000024819
0.000026473
0.000026371
0.000026235
0.000026494
0.000026418
0.000026160
0.000036524
0.000026326
0.000025873
0.000025780
0.000026436
0.000025983
0.000026232
0.000026537
0.000026615
0.000027770
0.000026351
0.000024718
0.000025621
0.000024717
0.000026545
0.000026949
0.000026030
0.000025770
0.000026211
0.000026425
0.000025870
0.000026477
0.000026023
0.000024744
0.000026389
0.000026344
0.000026267
0.000025716
0.000026752
0.000025103
0.000026356
0.000026016
0.000026316
0.000026089
0.000026264
0.000026839
0.000026476
0.000025920
0.000025845
0.000026266
0.000026132
0.000026097
0.000026705
0.000026513
0.000026889
0.000026132
0.000025602
0.000026665
0.000024729
0.000026431
0.000025359
0.000026329
0.000026120
0.000025540
0.000025783
0.000026650
0.000026184
0.000025841
0.000026525
0.000026091
0.000026560
0.000026242
0.000026378
0.000025798
0.000026197
0.000024722
0.000025885
0.000025721
0.000025165
0.000026362
0.000025509
0.000025905
0.000025889
0.000026143
0.000025808
0.000026186
0.000026361
0.000026922
0.000025932
0.000026259
0.000025315
0.000026640
0.000026138
0.000026334
0.000026658
0.000026110
0.000026090
0.000025803
0.000026170
0.000025130
0.000025678
0.000026740
0.000024680
0.000024424
0.000025993
0.000025295
0.000026271
0.000025803
0.000026011
0.000026750
0.000024752
0.000026341
0.000026036
0.000026251
0.000025975
0.000024805
0.000024673
0.000026432
0.000026819
0.000025383
0.000025768
0.000024779
0.000026186
0.000024437
0.000026138
0.000026732
0.000025532
0.000026717
0.000025282
0.000025915
0.000025974
0.000025980
0.000024405
0.000026127
0.000026579
0.000025403
0.000026430
0.000028693
0.000026000
0.000025957
0.000026152
0.000026544
0.000024841
0.000026237
0.000025729
0.000026033
0.000026391
0.000026381
0.000026822
0.000026424
0.000026715
0.000026324
0.000026101
0.000026054
0.000026057
0.000026543
0.000025977
0.000026490
0.000025966
0.000026481
0.000026158
0.000026596
0.000026333
0.000026134
0.000025721
0.000026185
0.000026630
0.000025583
0.000025724
0.000027335
0.000025972
0.000026423
0.000026432
0.000026374
0.000025754
0.000028838
0.000026586
0.000026260
0.000028669
0.000025815
0.000026351
0.000026394
0.000026284
0.000026006
0.000026005
0.000026440
0.000026377
0.000026630
0.000024845
0.000026711
0.000026106
0.000026385
0.000026281
0.000026012
0.000025822
0.000025147
0.000026205
0.000026225
0.000026037
0.000025855
0.000026134
0.000025371
0.000026446
0.000025858
0.000026474
0.000025873
0.000026043
0.000026138
0.000024555
0.000026087
0.000025937
0.000026284
0.000026344
0.000026229
0.000025866
0.000026204
0.000026137
0.000026738
0.000026078
0.000025811
0.000025841
0.000025947
0.000026500
0.000026546
0.000025719
0.000026371
0.000026380
0.000026386
0.000026787
0.000026069
0.000026252
0.000026274
0.000024882
0.000026241
0.000024839
0.000025686
0.000026019
0.000026140
0.000026159
0.000026301
0.000026198
0.000027155
0.000025799
0.000026438
0.000024974
0.000026429
0.000024899
0.000025798
0.000027084
0.000026673
0.000025864
0.000026520
0.000026059
0.000026530
0.000026478
0.000024757
0.000026257
0.000025743
0.000026289
0.000028604
0.000026507
0.000026446
0.000025964
0.000026309
0.000025090
0.000025236
0.000026729
0.000026039
0.000025604
0.000025965
0.000025539
0.000026518
0.000026503
0.000026428
0.000025843
0.000025820
0.000026277
0.000026162
0.000027272
0.000026571
0.000024688
0.000026621
0.000024595
0.000026912
0.000026369
0.000026241
0.000026092
0.000026302
0.000026505
0.000025978
0.000026050
0.000026355
0.000026635
0.000025544
0.000026471
0.000025865
0.000026948
0.000026271
0.000026644
0.000026400
0.000026685
0.000026210
0.000025793
0.000026299
0.000026535
0.000026476
0.000025223
0.000025836
0.000026208
0.000025079
0.000026329
0.000028858
0.000026881
0.000025894
0.000038655
0.000026722
0.000026191
0.000026250
0.000024847
0.000025125
0.000026667
0.000026357
0.000025048
0.000026567
0.000026168
0.000027376
0.000027903
0.000025657
0.000026232
0.000024471
0.000025359
0.000025908
0.000025702
0.000026124
0.000024482
0.000025911
0.000026495
0.000026381
0.000024373
0.000026073
0.000026695
0.000026154
0.000026478
0.000024470
0.000025874
0.000025728
0.000025669
0.000026137
0.000024797
0.000025920
0.000026186
0.000026628
0.000025855
0.000027106
0.000026299
0.000026674
0.000026272
0.000026292
0.000026200
0.000024961
0.000026831
0.000025619
0.000026228
0.000026589
0.000025870
0.000025873
0.000026158
0.000026330
0.000026354
0.000026204
0.000025996
0.000025918
0.000026553
0.000025820
0.000024539
0.000024697
0.000025366
0.000026500
0.000024707
0.000026349
0.000024625
0.000026271
0.000026523
0.000024994
0.000026462
0.000024549
0.000025830
0.000026894
0.000026165
0.000026553
0.000025897
0.000027156
0.000026453
0.000026250
0.000025681
0.000025882
0.000024868
0.000026541
0.000026558
0.000026496
0.000026478
0.000024954
0.000026436
0.000024436
0.000025384
0.000026201
0.000026642
0.000025833
0.000025998
0.000026755
0.000026269
0.000025891
0.000026189
0.000025987
0.000025902
0.000024906
0.000026217
0.000026872
0.000025029
0.000025081
0.000026981
0.000026334
0.000024660
