0.142720762
0.141585572
0.141817061
0.141157893
0.141031980
0.145306246
0.141983467
0.142283301
0.142110941
0.141379558
0.141716906
0.140807966
0.141689868
0.140595558
0.143484628
0.141518004
0.141014537
0.140785988
0.140961308
0.140991577
0.141613066
0.141374023
0.141855707
0.141671385
0.141493376
0.141665021
0.141503361
0.141525603
0.140737820
0.142676746
0.141099851
0.141801877
0.140704157
0.141598047
0.140966555
0.141754809
0.141550771
0.141744773
0.141656422
0.141029143
0.140919668
0.141981680
0.141531526
0.141882686
0.141246736
0.141159884
0.141523154
0.141083190
0.141473225
0.140933207
0.141071611
0.140868929
0.141016896
0.141008458
0.140800414
0.141757824
0.141469235
0.141927645
0.141668748
0.141369667
0.140877180
0.142104937
0.141605970
0.141959900
0.142195787
0.141756733
0.141662298
0.141548010
0.141936034
0.141722651
0.142026044
0.141229994
0.141980930
0.142292831
0.141503117
0.141695941
0.142967749
0.140831279
0.141100859
0.140787777
0.140739890
0.141827183
0.141094193
0.141513409
0.141727456
0.141759000
0.142207279
0.141384636
0.141379607
0.141645425
0.141756547
0.141192041
0.140888915
0.141088629
0.142634420
0.141402866
0.140824860
0.141200299
0.140970896
0.141768683
0.140700106
0.141854451
0.140791621
0.141761180
0.140933881
0.142080820
0.142763048
0.141559361
0.141536707
0.141637517
0.141734037
0.143862382
0.141751039
0.142402200
0.141735138
0.142130410
0.141472167
0.141309528
0.141952409
0.141708702
0.140987310
0.141627124
0.141700894
0.140795982
0.141084213
0.141575695
0.140734335
0.141949943
0.141261756
0.141019590
0.141703898
0.141754947
0.141191847
0.141496259
0.140962530
0.141683044
0.141505972
0.140791892
0.141463709
0.141976747
0.142081485
0.141524181
0.141571776
0.141554472
0.141842478
0.141947455
0.141624700
0.141458280
0.140717100
0.140583036
0.140927464
0.140847020
0.140630761
0.141167987
0.140977448
0.141520592
0.142072487
0.141327399
0.142000660
0.141895372
0.141556951
0.141084308
0.140788721
0.140850558
0.140699088
0.141429634
0.140951169
0.140590798
0.140908160
0.140904245
0.141013552
0.140845632
0.141267626
0.142070088
0.140983799
0.140635425
0.141018613
0.141003496
0.141761275
0.141763488
0.141942789
0.141853273
0.141408779
0.141491522
0.141761096
0.140633442
0.140966785
0.140846698
0.145058084
0.142416414
0.142984898
0.141772512
0.143301714
0.141128466
0.141862733
0.141849219
0.141008277
0.141811932
0.141147205
0.140860359
0.140716374
0.140898676
0.141671634
0.141995481
0.140876347
0.140742977
0.141685550
0.142493565
0.140893930
0.140996762
0.141505005
0.141395578
0.141475973
0.141110789
0.141632939
0.140942588
0.141896393
0.141240474
0.141903008
0.142153071
0.141532806
0.141702453
0.141138947
0.141269203
0.141828354
0.141084113
0.142319024
0.140980202
0.141449231
0.140501157
0.141070765
0.141329893
0.140641717
0.141902347
0.141496299
0.141714812
0.141644695
0.142443641
0.141397176
0.141569114
0.140747957
0.141578163
0.141911908
0.141405028
0.140971030
0.141748411
0.141207185
0.141459467
0.141020063
0.141403024
0.141194664
0.140950119
0.141057868
0.141657477
0.141215173
0.141765786
0.141731779
0.141537598
0.142141914
0.140837948
0.142014496
0.140929879
0.141935705
0.140548138
0.142617078
0.141879910
0.140677271
0.141729261
0.141947591
0.140638496
0.140877353
0.140836982
0.140703835
0.141000294
0.141602744
0.142093210
0.141298366
0.141576398
0.142488116
0.142127644
0.141565968
0.141507531
0.141715599
0.141123776
0.141516632
0.140941758
0.140802983
0.141470907
0.141835773
0.141246019
0.142055398
0.141401125
0.141783991
0.140387251
0.140868323
0.141347531
0.140847868
0.140819361
0.141045701
0.141256922
0.141673064
0.141833375
0.141624844
0.141333241
0.141860643
0.141782937
0.141619787
0.141085241
0.141937923
0.141691892
0.142363378
0.141439737
0.141351061
0.141733053
0.141769337
0.140891054
0.142171828
0.141363536
0.141087918
0.140906231
0.141259472
0.142558232
0.140958725
0.141837094
0.140899035
0.140932904
0.141997035
0.140971763
0.142056249
0.141209385
0.141897283
0.142770019
0.141421719
0.143066962
0.141330778
0.141657292
0.141783259
0.141894245
0.142733517
0.140894389
0.141773337
0.140867133
0.141954498
0.141033550
0.141469063
0.141789096
0.140903376
0.141720777
0.141818809
0.141434236
0.142255780
0.141129980
0.141530609
0.141651515
0.142051633
0.141053704
0.141599741
0.141279164
0.142078796
0.141677111
0.141787184
0.141740883
0.142375455
0.140862681
0.140635004
0.140859003
0.141581555
0.141519232
0.141431147
0.141743001
0.141612334
0.141882997
0.141896133
0.141163437
0.141071316
0.141651064
0.141006723
0.141371540
0.142310427
0.142514954
0.142000143
0.142735596
0.141691233
0.141783961
0.142564045
0.142021331
0.141049790
0.140805604
0.141626506
0.141407031
0.141632160
0.141407898
0.141917019
0.141127303
0.140911090
0.140938521
0.141339307
0.141212661
0.141836263
0.141306155
0.141626970
0.140942672
0.140860206
0.141547388
0.140932002
0.141684224
0.140915414
0.140753709
0.140798760
0.141092764
0.141991126
0.141187890
0.141762157
0.141553920
0.141604891
0.142324137
0.140967712
0.140793062
0.141203473
0.141084999
0.142000255
0.140994290
0.140916190
0.141168574
0.140877567
0.142081902
0.140890299
0.141541450
0.142082237
0.141346179
0.141963865
0.142048512
0.141273759
0.142612240
0.140877151
0.141067468
0.141803466
0.141495434
0.142176767
0.140921805
0.141187495
0.142570366
0.140730307
0.141564905
0.145770527
0.141108450
0.141834714
0.141317419
0.141646390
0.141030193
0.141604403
0.141799157
0.141734463
0.140794460
0.141370371
0.141356246
0.140847431
0.140921117
0.141701534
0.141854975
0.140972998
0.140814143
0.142010376
0.141566314
0.141379303
0.142171825
0.141815321
0.141637482
0.141479057
0.141721283
0.140831644
0.141378803
0.141748667
0.141486528
0.141816442
0.141078825
0.142732972
0.142663061
0.141026926
0.141612798
0.140901557
0.141974427
0.140692625
0.141103357
0.141668059
0.141420841
0.141926788
0.141708411
0.141719446
0.140915196
0.141530526
0.142899241
0.141241480
0.141734460
0.142070242
0.140924387
0.141915047
0.140955505
0.141756070
0.140758997
0.142634958
0.141676500
0.142080466
0.141290051
0.140728080
0.141051629
0.141143507
0.142500127
0.142183060
0.142551524
0.142247702
0.141819252
0.141593786
0.142962107
0.141501506
0.141917521
0.141595971
0.141769841
0.141962809
0.142858773
0.140600986
0.141787718
0.141798727
0.141599330
0.141571840
0.141881378
0.141633847
0.141663524
0.141567561
0.141625060
0.141603604
0.141709589
0.142018353
0.142969349
0.141602276
0.142610831
0.142680475
0.141628372
0.142120684
0.141954317
0.141019628
0.141694235
0.140992839
0.141983840
0.141794398
0.141770702
0.140929542
0.141732808
0.140914769
0.141849984
0.141163504
0.140926261
0.141116426
0.141038310
0.141419126
0.140744067
0.141755692
0.141464950
0.141226127
0.141959739
0.141650771
0.141111159
0.141606631
0.140814936
0.141128681
0.141287395
0.140933345
0.141124023
0.141819237
0.141433519
0.141376520
0.141086749
0.140863913
0.141162449
0.141092920
0.140748380
0.141077088
0.141841853
0.141472991
0.141684122
0.140819096
0.142168497
0.141095385
0.141160022
0.140874974
0.141584803
0.140664243
0.143909647
0.140808687
0.141628103
0.141709166
0.141531752
0.141771245
0.141831303
0.140669325
0.142343268
0.141051878
0.141695482
0.141924645
0.140941875
0.140817360
0.140924152
0.141531631
0.141679598
0.141159365
0.141883314
0.142655039
0.141556290
0.140981009
0.141580753
0.141637627
0.140950826
0.140725241
0.141030878
0.141484343
0.141714704
0.141572393
0.141582075
0.141646715
0.140897426
0.140727001
0.141829350
0.140944601
0.141806367
0.141210214
0.140959678
0.141755428
0.141769403
0.142310880
0.140963573
0.141061946
0.140897692
0.140609652
0.141664352
0.141629769
0.140962175
0.141854431
0.140642149
0.141700591
0.141072222
0.140954674
0.141041685
0.141406183
0.141178052
0.141657802
0.141415582
0.140925845
0.141533793
0.145742640
0.141885861
0.141449505
0.142496134
0.141925260
0.141792714
0.141708817
0.142031256
0.142772277
0.141678713
0.141842508
0.141807813
0.140912329
0.142314582
0.141155354
0.141952743
0.141062203
0.141993776
0.141635124
0.142549105
0.141819922
0.142322564
0.141809209
0.142111256
0.141898837
0.142459739
0.141561772
0.141651647
0.141532276
0.141836142
0.140599331
0.140762114
0.142661912
0.140912127
0.141566695
0.141011771
0.141991717
0.141662572
0.141438818
0.141009855
0.141501610
0.141894849
0.141606800
0.141831439
0.141827612
0.141343504
0.141765028
0.142001739
0.141712908
0.141824829
0.142126627
0.141228856
0.141828583
0.141841692
0.141559081
0.141721993
0.142522860
0.141713608
0.141761125
0.142431563
0.141587704
0.142069464
0.141994481
0.142079533
0.141832871
0.142028722
0.141903374
0.142024965
0.141713585
0.141635944
0.141886872
0.142952709
0.142169832
0.143002948
0.140757165
0.141721106
0.141676186
0.141670031
0.142639934
0.142084001
0.141528334
0.142665277
0.141650116
0.141900615
0.141895486
0.142418291
0.141612428
0.141878294
0.141189243
0.140643925
0.142286356
0.141561592
0.141676687
0.141258027
0.141673590
0.140641305
0.142135163
0.140864252
0.141557857
0.142150889
0.141817097
0.141163065
0.140931399
0.141162680
0.140937991
0.140946852
0.141580752
0.140903396
0.142117679
0.141766078
0.141599752
0.141634171
0.143234636
0.141785250
0.141599107
0.142218593
0.143121903
0.141788559
0.141609117
0.140929609
0.140978518
0.140972363
0.141720135
0.141961753
0.140729524
0.140859342
0.141222016
0.140762592
0.141668449
0.141657354
0.141726891
0.141809094
0.141566066
0.141929242
0.141735092
0.141730222
0.140812501
0.141765337
0.140938403
0.140901440
0.141607683
0.141600859
0.141760315
0.141423142
0.141852450
0.141542899
0.141454301
0.141299204
0.141808415
0.140866184
0.141384639
0.141536330
0.142724657
0.143009842
0.140927290
0.141981455
0.140867812
0.141782850
0.141053162
0.141614259
0.141581826
0.141177646
0.142172436
0.141718605
0.141117731
0.141961554
0.140808435
0.140776509
0.141336428
0.140973840
0.141877382
0.140944754
0.140890728
0.141560221
0.141810682
0.140833448
0.141061829
0.141131605
0.141948766
0.140773983
0.141541743
0.141837591
0.141190808
0.141934388
0.141224743
0.141276203
0.141596976
0.142009368
0.140821454
0.140993718
0.141114892
0.140742430
0.140918655
0.140637715
0.141901631
0.141679857
0.141811065
0.140919948
0.141805723
0.140839831
0.141383568
0.141852299
0.141012753
0.141746091
0.141201068
0.142063223
0.141538319
0.141807233
0.142828099
0.141752308
0.141643169
0.141611989
0.141605362
0.141501848
0.141640878
0.142888383
0.142206988
0.141584571
0.140792941
0.140711242
0.141142478
0.141061453
0.140910713
0.142137463
0.140866635
0.141150692
0.141910879
0.140903360
0.141965293
0.141715334
0.141030806
0.141150929
0.141436718
0.140820712
0.141816682
0.141852600
0.141474554
0.141760961
0.141788655
0.140839651
0.142025535
0.141779779
0.142529213
0.143588808
0.141859808
0.141524793
0.141623947
0.140991304
0.142029153
0.141986465
0.141021732
0.141981312
0.140793853
0.140831436
0.140919303
0.140951260
0.141319978
0.141954565
0.141698023
0.140842916
0.141472271
0.141246718
0.141788552
0.141512032
0.142692951
0.141505619
0.141046633
0.142009509
0.141557153
0.141302378
0.141218345
0.141756153
0.141636727
0.141100844
0.141008838
0.141108750
0.140947164
0.140880235
0.140726200
0.141860200
0.142798772
0.141518370
0.142196979
0.141043125
0.141964800
0.141058586
0.141275311
0.141318803
0.141194139
0.141100639
0.140725955
0.140901748
0.141817283
0.141835466
0.140759331
0.141516549
0.141160477
0.141891372
0.141869113
0.141460474
0.142144246
0.141678501
0.140734995
0.141392122
0.141738845
0.141752782
0.141068440
0.141814203
0.141809829
0.141776294
0.141550556
0.140921347
0.141263648
0.140823606
0.140934485
0.140638946
0.141149669
0.140954282
0.141837668
0.141058294
0.141740723
0.141190835
0.141557952
0.140918253
0.141574462
0.141530205
0.142144860
0.141623300
0.141901960
0.141593844
0.141668873
0.141931515
0.142088638
0.140811423
0.141750947
0.140937630
0.140886777
0.141503141
0.140947343
0.142004631
0.141619116
0.141853741
0.141389019
0.140837632
0.141597369
0.142907232
0.140727170
0.141798133
0.141251024
0.141865848
0.141594346
0.141968751
