0.000496068
0.000481439
0.000481050
0.000457716
0.000465553
0.000484794
0.000500797
0.000451695
0.000450474
0.000454146
0.000454735
0.000453985
0.000452156
0.000458480
0.000452691
0.000456674
0.000454136
0.000456252
0.000458108
0.000453914
0.000451305
0.000456030
0.000453956
0.000457908
0.000451169
0.000455493
0.000451884
0.000456672
0.000451859
0.000448111
0.000453810
0.000450327
0.000455401
0.000457149
0.000455078
0.000455239
0.000456141
0.000457911
0.000453095
0.000458586
0.000453471
0.000454084
0.000455225
0.000455162
0.000453455
0.000454011
0.000447319
0.000454429
0.000450926
0.000458006
0.000458726
0.000477974
0.000455403
0.000457536
0.000454346
0.000454650
0.000473817
0.000456237
0.000452200
0.000447788
0.000450974
0.000447519
0.000452307
0.000453812
0.000448802
0.000454488
0.000454285
0.000455165
0.000455848
0.000452727
0.000452918
0.000450241
0.000452101
0.000476217
0.000455131
0.000456441
0.000454208
0.000453239
0.000452569
0.000457325
0.000451209
0.000452415
0.000455262
0.000456619
0.000455541
0.000455010
0.000453677
0.000454089
0.000455089
0.000454699
0.000455150
0.000455046
0.000452761
0.000459079
0.000453800
0.000455822
0.000457356
0.000453348
0.000453464
0.000454044
0.000454820
0.000455576
0.000450667
0.000456250
0.000452767
0.000455745
0.000451449
0.000452957
0.000455673
0.000453927
0.000455019
0.000453635
0.000454739
0.000451989
0.000452458
0.000453202
0.000455101
0.000456824
0.000458071
0.000455636
0.000459374
0.000454550
0.000458933
0.000456218
0.000458073
0.000457369
0.000457006
0.000461269
0.000452278
0.000456799
0.000456566
0.000453252
0.000454415
0.000456298
0.000456573
0.000452471
0.000452699
0.000458149
0.000457278
0.000453458
0.000453005
0.000455926
0.000454377
0.000455088
0.000456224
0.000456189
0.000453900
0.000453469
0.000454886
0.000457361
0.000457331
0.000454760
0.000454089
0.000456278
0.000456179
0.000451957
0.000450543
0.000452885
0.000453150
0.000454767
0.000455990
0.000453165
0.000453182
0.000458267
0.000451267
0.000454091
0.000452410
0.000454734
0.000455332
0.000456323
0.000455008
0.000457226
0.000455773
0.000457442
0.000455967
0.000455093
0.000453422
0.000454262
0.000456626
0.000453474
0.000460483
0.000453162
0.000451231
0.000461503
0.000454453
0.000451631
0.000451005
0.000459529
0.000453254
0.000453930
0.000452052
0.000452951
0.000456257
0.000449362
0.000455095
0.000450018
0.000452432
0.000454198
0.000458706
0.000451740
0.000446824
0.000452033
0.000450969
0.000453786
0.000457547
0.000455426
0.000457384
0.000454502
0.000470609
0.000449160
0.000454975
0.000458404
0.000458834
0.000459565
0.000450173
0.000456471
0.000453810
0.000459818
0.000455656
0.000455820
0.000453595
0.000454969
0.000450743
0.000452733
0.000459010
0.000453591
0.000452181
0.000456970
0.000455163
0.000455718
0.000450730
0.000456582
0.000455301
0.000454213
0.000457596
0.000454802
0.000453491
0.000453108
0.000453219
0.000455064
0.000456023
0.000451682
0.000450192
0.000456984
0.000459571
0.000457054
0.000455681
0.000459737
0.000457562
0.000452803
0.000457649
0.000453569
0.000453770
0.000451389
0.000453894
0.000460788
0.000452874
0.000450174
0.000457049
0.000452880
0.000456409
0.000455427
0.000455102
0.000459799
0.000460887
0.000458555
0.000457832
0.000452143
0.000459938
0.000455809
0.000457164
0.000454866
0.000458975
0.000457136
0.000478332
0.000456798
0.000449105
0.000456932
0.000457051
0.000455449
0.000456683
0.000457712
0.000454428
0.000456598
0.000458093
0.000458640
0.000459391
0.000456691
0.000454244
0.000458096
0.000453052
0.000455424
0.000456589
0.000453467
0.000455746
0.000459682
0.000458370
0.000455911
0.000454324
0.000455700
0.000457061
0.000455746
0.000455467
0.000456813
0.000457428
0.000456434
0.000454442
0.000458329
0.000458195
0.000454667
0.000459406
0.000455758
0.000459151
0.000453125
0.000455952
0.000472915
0.000450614
0.000455987
0.000457578
0.000455934
0.000456770
0.000458288
0.000456730
0.000454443
0.000457568
0.000459004
0.000459165
0.000460720
0.000456970
0.000456227
0.000458363
0.000458173
0.000460867
0.000454417
0.000452682
0.000458524
0.000459152
0.000463731
0.000457077
0.000456428
0.000456671
0.000455567
0.000474128
0.000457094
0.000475472
0.000457136
0.000455719
0.000462130
0.000448670
0.000454077
0.000455141
0.000457149
0.000458476
0.000454485
0.000454705
0.000460054
0.000456865
0.000456055
0.000453932
0.000459378
0.000454315
0.000459481
0.000457370
0.000457253
0.000450231
0.000456866
0.000456505
0.000460445
0.000460625
0.000454698
0.000459780
0.000458950
0.000456984
0.000457226
0.000456668
0.000456984
0.000452092
0.000461106
0.000455494
0.000459788
0.000454422
0.000457303
0.000456069
0.000453930
0.000455823
0.000453699
0.000451541
0.000456989
0.000459730
0.000455556
0.000455432
0.000454322
0.000457198
0.000458507
0.000455221
0.000459488
0.000454247
0.000455592
0.000450344
0.000458320
0.000458781
0.000457413
0.000459570
0.000460522
0.000458956
0.000451009
0.000457989
0.000460759
0.000449160
0.000457736
0.000452420
0.000460993
0.000453486
0.000455776
0.000453885
0.000456232
0.000450334
0.000458748
0.000458283
0.000459103
0.000461778
0.000453434
0.000459907
0.000460937
0.000459594
0.000455617
0.000458029
0.000456726
0.000456578
0.000461721
0.000461536
0.000457617
0.000458796
0.000457428
0.000459834
0.000455704
0.000454399
0.000457423
0.000459600
0.000456317
0.000455069
0.000450382
0.000456922
0.000458975
0.000462115
0.000455846
0.000456169
0.000460699
0.000459858
0.000458445
0.000448247
0.000461200
0.000460092
0.000457006
0.000458642
0.000453346
0.000457555
0.000449422
0.000457660
0.000458228
0.000461231
0.000457676
0.000456425
0.000456974
0.000454588
0.000456753
0.000458835
0.000457097
0.000456483
0.000457208
0.000457991
0.000457272
0.000461123
0.000456446
0.000454998
0.000459645
0.000456519
0.000457842
0.000457000
0.000457760
0.000459646
0.000457709
0.000456682
0.000458206
0.000457629
0.000455197
0.000451797
0.000457312
0.000457245
0.000456915
0.000455317
0.000460960
0.000459288
0.000457654
0.000457266
0.000455045
0.000457186
0.000460319
0.000455997
0.000456728
0.000458450
0.000457202
0.000459539
0.000455826
0.000459272
0.000457516
0.000457625
0.000461296
0.000460540
0.000501200
0.000467292
0.000465610
0.000461807
0.000461215
0.000456852
0.000460374
0.000456091
0.000457241
0.000455106
0.000462307
0.000453947
0.000456232
0.000452500
0.000458066
0.000457811
0.000459995
0.000456341
0.000463001
0.000455726
0.000456190
0.000457077
0.000457527
0.000478873
0.000457547
0.000454871
0.000457957
0.000458084
0.000462764
0.000460230
0.000458820
0.000451532
0.000459317
0.000449883
0.000459286
0.000457054
0.000456761
0.000458144
0.000461609
0.000456017
0.000460849
0.000460834
0.000461132
0.000457404
0.000457059
0.000454754
0.000461567
0.000457744
0.000475783
0.000457987
0.000459004
0.000460496
0.000457330
0.000458135
0.000458803
0.000458621
0.000459270
0.000459658
0.000458175
0.000459304
0.000460015
0.000455877
0.000453304
0.000456897
0.000450107
0.000457809
0.000459302
0.000457605
0.000455664
0.000456433
0.000458789
0.000456986
0.000456299
0.000459289
0.000458456
0.000456347
0.000457198
0.000456949
0.000867400
0.000456629
0.000457794
0.000455943
0.000458936
0.000458364
0.000456664
0.000459247
0.000454390
0.000453100
0.000457261
0.000453164
0.000458263
0.000454662
0.000458336
0.000457211
0.000456277
0.000459625
0.000458352
0.000457866
0.000456431
0.000458124
0.000453888
0.000454797
0.000453562
0.000458856
0.000459373
0.000459322
0.000454006
0.000455658
0.000458093
0.000458981
0.000456626
0.000456552
0.000456302
0.000456298
0.000457235
0.000455953
0.000456418
0.000458855
0.000457032
0.000457355
0.000458894
0.000455585
0.000454886
0.000456032
0.000456835
0.000456341
0.000450945
0.000457964
0.000456829
0.000453581
0.000459922
0.000458246
0.000464744
0.000458386
0.000454922
0.000457186
0.000455705
0.000458808
0.000459274
0.000458155
0.000460235
0.000458040
0.000457757
0.000446941
0.000457488
0.000456334
0.000455303
0.000457282
0.000453352
0.000457238
0.000456359
0.000462739
0.000455639
0.000462585
0.000459638
0.000456858
0.000454448
0.000460807
0.000456874
0.000459076
0.000458021
0.000456953
0.000458559
0.000460537
0.000459269
0.000457937
0.000460383
0.000453077
0.000458390
0.000456932
0.000451597
0.000460893
0.000459329
0.000455392
0.000475404
0.000458425
0.000457505
0.000454588
0.000454659
0.000459751
0.000458017
0.000453991
0.000458449
0.000457376
0.000457196
0.000457827
0.000456883
0.000458165
0.000458552
0.000454951
0.000455393
0.000452541
0.000456213
0.000458827
0.000457547
0.000459753
0.000453941
0.000456791
0.000457337
0.000458128
0.000455083
0.000457798
0.000457881
0.000458616
0.000459817
0.000456459
0.000457216
0.000456802
0.000459745
0.000454545
0.000453418
0.000459517
0.000456952
0.000460112
0.000460261
0.000456852
0.000459100
0.000456236
0.000454331
0.000455480
0.000460761
0.000459383
0.000461930
0.000458077
0.000460889
0.000458467
0.000461352
0.000454200
0.000456806
0.000456712
0.000453134
0.000458706
0.000456830
0.000460578
0.000458387
0.000466593
0.000459001
0.000458556
0.000462635
0.000457884
0.000457926
0.000457799
0.000452300
0.000453803
0.000457908
0.000453842
0.000458442
0.000458925
0.000460094
0.000459778
0.000458970
0.000456805
0.000455043
0.000460698
0.000453518
0.000454235
0.000457734
0.000458018
0.000458749
0.000456364
0.000453299
0.000455738
0.000455883
0.000452979
0.000455327
0.000458619
0.000455240
0.000455783
0.000456417
0.000454081
0.000459666
0.000452892
0.000455382
0.000456626
0.000459196
0.000459955
0.000449380
0.000457741
0.000456486
0.000457717
0.000457543
0.000459150
0.000456137
0.000456304
0.000459115
0.000460968
0.000458322
0.000453530
0.000458943
0.000459882
0.000459422
0.000476951
0.000460798
0.000457540
0.000459559
0.000456297
0.000462549
0.000456018
0.000454563
0.000454695
0.000452469
0.000456982
0.000454671
0.000455159
0.000457236
0.000456687
0.000458497
0.000458290
0.000458798
0.000454547
0.000457262
0.000458163
0.000454655
0.000457025
0.000454072
0.000457846
0.000455981
0.000457859
0.000457412
0.000456077
0.000456471
0.000457017
0.000456743
0.000450687
0.000458676
0.000457291
0.000459940
0.000455145
0.000457464
0.000459080
0.000458301
0.000456025
0.000452303
0.000452901
0.000457124
0.000458048
0.000456822
0.000453429
0.000452945
0.000460486
0.000457323
0.000453502
0.000456097
0.000458292
0.000457986
0.000456112
0.000457501
0.000460642
0.000450885
0.000455115
0.000456634
0.000456920
0.000455329
0.000453787
0.000459119
0.000459154
0.000461103
0.000459099
0.000458410
0.000458029
0.000456640
0.000457764
0.000454311
0.000453257
0.000454213
0.000460793
0.000454856
0.000458175
0.000456514
0.000455406
0.000460672
0.000458940
0.000457424
0.000454758
0.000454769
0.000453815
0.000458140
0.000460332
0.000455556
0.000455212
0.000456730
0.000457942
0.000871860
0.000455861
0.000455004
0.000454431
0.000453841
0.000447135
0.000456748
0.000459349
0.000449956
0.000456351
0.000453224
0.000458930
0.000462242
0.000454747
0.000458960
0.000455808
0.000455885
0.000456626
0.000455596
0.000456356
0.000453704
0.000459128
0.000454836
0.000452662
0.000452334
0.000458662
0.000458020
0.000444656
0.000453441
0.000455300
0.000458220
0.000455502
0.000455519
0.000459117
0.000449146
0.000454657
0.000500109
0.000456860
0.000454005
0.000454904
0.000457084
0.000457034
0.000462643
0.000458519
0.000456960
0.000461157
0.000460203
0.000453040
0.000455367
0.000454570
0.000459589
0.000452183
0.000456935
0.000455599
0.000456388
0.000459770
0.000457460
0.000455609
0.000457503
0.000456831
0.000453584
0.000452926
0.000454197
0.000456637
0.000454642
0.000453573
0.000450024
0.000456674
0.000455841
0.000457680
0.000455217
0.000452978
0.000454747
0.000459149
0.000454399
0.000456728
0.000456747
0.000455920
0.000457208
0.000458686
0.000458518
0.000456720
0.000450674
0.000456638
0.000459070
0.000455718
0.000455173
0.000455051
0.000455095
0.000448828
0.000461499
0.000455077
0.000455828
0.000456865
0.000456501
0.000458937
0.000457482
0.000455193
0.000456680
0.000457319
0.000460562
0.000452337
0.000454443
0.000459985
0.000450869
0.000449485
0.000454071
0.000458190
0.000454567
